260.0 0.00199776751647 0.0069805902672 0.00132675038274 0.00191269985503 0.0100492511273 -0.00740092407165 -0.00324719996477 0.00611554540439 0.00728620731782 0.0166892526373 -0.00382353911839 -0.00876305601689 0.00317612534784 0.00729489937616 0.0087543922648 -8.30376816886e-06 3.17338289857e-06 7.63418690126e-05 3.47134464382e-05 -6.22644896226e-05 0.000106626443421 5.88189761065e-05 0.00010195258882
280.0 0.003146824589 0.0114093977419 0.00158596207976 0.0021909532722 0.0156393028905 -0.0119505321865 -0.00443271156302 0.00850433468456 0.00990767933779 0.0266285671521 -0.00519066902822 -0.0138905113054 0.00371922783067 0.00994503582133 0.0116671617851 1.82715624801e-05 3.04170570719e-05 5.93446014549e-05 4.92365541279e-05 -0.000114879403021 0.000191866156053 0.000173114412755 0.000310262554309
300.0 0.00374733482864 0.0137787803223 0.00138062631336 0.00175815429439 0.0174244117726 -0.0142935430552 -0.00451580768042 0.00872125588945 0.00977633089653 0.0308393918208 -0.00497298284098 -0.0158531221768 0.00309247842021 0.00974898636333 0.0110323537591 -1.55074480952e-05 3.26193403314e-05 4.93968172468e-05 7.4865741997e-05 -0.000108921968497 0.000225887383983 4.44699027562e-05 0.000239988636556
320.0 0.00431442368232 0.0159249191722 0.00116438181282 0.00132634019613 0.0180427121458 -0.0164194559442 -0.00445039396779 0.00859322557828 0.00911408952955 0.033682171178 -0.00468263379745 -0.017118565434 0.00247222452849 0.00906376472061 0.00972202880778 2.62112888665e-05 -7.17707014016e-05 -9.39240464052e-06 -0.0001073640666 -8.1672405024e-05 0.000136780307397 3.31112819978e-05 0.000102799678274
340.0 0.00530190188016 0.0187293839772 0.00102469603242 0.000992546233301 0.0177601057021 -0.0198123304228 -0.00462876893165 0.0087486071686 0.00849220916015 0.0362491515332 -0.00441238512212 -0.0189048827838 0.00198899405625 0.00847610289747 0.00837879832059 -1.67156967608e-05 7.69107679555e-05 1.78216867092e-05 7.24961169306e-05 -0.000148391881629 0.000229690196124 6.9155200156e-05 0.000191602649678
360.0 0.00710052997125 0.0236308901845 0.00100498929211 0.000731736288495 0.0173404668182 -0.0256983563471 -0.00528904630338 0.00976388818122 0.00825512937838 0.0402295925328 -0.00438653327284 -0.0216265676324 0.00171062570516 0.00836475830532 0.00712007244539 -7.90858775216e-05 0.000270346677864 0.000129362238473 0.000223321038174 -0.000162359451995 0.000227878545307 -9.22300854819e-07 0.000270093565612
380.0 0.0073529908851 0.0264794236951 0.000884097061402 0.000541226958661 0.016596245242 -0.0274228195432 -0.00500362935437 0.0096734926645 0.00747946813145 0.0413156456859 -0.0036865252399 -0.0204903424293 0.00137273245305 0.00757370557044 0.0060213536799 -5.40998142901e-05 0.000370143034341 0.000148507517644 0.000387960027711 -0.000211177871959 0.000144376585378 8.10819751141e-06 0.000122976755945
400.0 0.0067073241693 0.0269262182484 0.000708965568163 0.000442396189447 0.015838628936 -0.0260432790892 -0.00423564442013 0.00875560885461 0.0064527828062 0.0397670535775 -0.0029422190678 -0.0177679144957 0.00106000611706 0.00650994001492 0.00517690542744 6.74029658077e-05 2.82350491828e-05 4.42536699324e-05 -8.49932654264e-06 -0.000262199203718 0.000297392518069 9.31635000264e-05 0.000334024086894
420.0 0.00575450961992 0.0262448326163 0.000553817126252 0.000321309449749 0.015003126133 -0.0237473749382 -0.00343533233573 0.00764256428235 0.0053907711046 0.0370838797481 -0.00216481894048 -0.0145791931884 0.000785917406758 0.00538416410117 0.00436466945648 -4.18589774844e-05 -3.98008121584e-05 2.30052868094e-05 4.51760203794e-05 -1.14174977992e-05 0.000273150160171 0.000112891997074 0.000227231711121
440.0 0.00481413340181 0.0245000236705 0.000421116316585 0.000264685380372 0.0141976149826 -0.0207617516214 -0.00271641173249 0.00647626716567 0.00448338266711 0.0334439472395 -0.00150050287162 -0.0118541773775 0.000574673838735 0.00443906693382 0.00382202879299 8.01113425282e-05 -4.33857084603e-05 -1.81684010655e-05 -8.1487976291e-05 -0.000128395048975 0.000161709637592 -4.05042381858e-05 0.000184167858788
460.0 0.00397789340676 0.0225466265063 0.000321261548876 0.000187276417729 0.0135113265984 -0.0178649376562 -0.00214168616607 0.00536578611628 0.00361673899093 0.029966650555 -0.00109681797566 -0.00914833380179 0.000429421019778 0.00355334616923 0.00326015757975 -7.98816783901e-05 -0.00011748796406 2.97221142681e-05 -8.56893072234e-05 -2.73961624076e-05 0.000266211668401 3.22773062657e-05 0.000134855923124
480.0 0.00324588971422 0.0204973910892 0.000243714372146 0.000152439429416 0.0127013576355 -0.0153021789363 -0.00167004032564 0.00448270626163 0.00294226600575 0.0263788486481 -0.000800954174373 -0.00725111217357 0.000321824017754 0.00288521187978 0.00284111731304 6.38019587707e-06 -0.000162138938256 -4.95806060492e-05 -0.000220095512804 5.24265016143e-05 0.000115949827808 1.87678398021e-06 0.000176364642746
500.0 0.00264454785038 0.0183673955636 0.000183807110861 0.000124957119756 0.0118546191054 -0.0129867152761 -0.00129983131603 0.00370271290315 0.0022948000905 0.0228041921406 -0.000565799859104 -0.00569718686691 0.000236995115123 0.00233596557417 0.00231571844842 4.78837736657e-05 -6.39056294258e-05 -6.56507682313e-05 0.000182656555473 5.69637420815e-07 0.000113663573143 1.06150605654e-05 0.00017736733929
520.0 0.00214295777498 0.0165459719698 0.000138246095188 9.12956336806e-05 0.0111760305279 -0.0110281627759 -0.00101067362113 0.00302230298697 0.00176281132201 0.0199778873381 -0.000384980625361 -0.00411194244673 0.000169259273979 0.00181707766447 0.00198783147468 -9.80151220434e-06 0.000135137933651 3.00357448166e-05 0.000211780941386 -7.67549244056e-05 0.000211620985321 4.87254226994e-05 0.000261220555078
540.0 0.00172116759943 0.0148405483992 0.000105884831914 6.31371915428e-05 0.0105036070501 -0.00928029942881 -0.000786917280824 0.00247518282798 0.00155026811197 0.0174737508858 -0.000277584745345 -0.00303179542533 0.000132566568084 0.00145716007016 0.00174127956756 -4.91319667338e-05 -0.000216421215734 3.43325223085e-05 0.000199721472132 0.000135830174947 5.86517116723e-05 -6.64289853857e-05 -0.00017856101219
560.0 0.00141880504993 0.0131669816533 8.07282381141e-05 4.92824775963e-05 0.0098979964154 -0.0078922470048 -0.000620149549029 0.00206686419139 0.00121333032971 0.0150557683794 -0.000187808353821 -0.00222907595063 9.8800558555e-05 0.0011857763485 0.00151892032771 -0.000101051176405 9.47063271308e-05 7.63933489125e-05 0.000318945934027 5.68808390143e-05 1.00044539578e-05 -1.62340580203e-06 -1.93806406213e-05
580.0 0.00115453760444 0.0117642829683 6.26332701958e-05 2.82148425876e-05 0.00930770812632 -0.00675882795667 -0.000491594402815 0.00172976388839 0.00093046241519 0.0129292906749 -4.1823830794e-05 -0.00167503674853 5.06242835336e-05 0.000968046519937 0.00136019182863 -4.17762673447e-05 0.000134188275527 8.99313070613e-05 0.00018252989184 -9.30245707777e-05 9.33771283103e-05 3.23631746986e-05 0.000236845045082
600.0 0.000940400904171 0.0104620014065 4.79667448826e-05 5.36650702789e-05 0.00871483658496 -0.00566461911603 -0.000386892347785 0.00140925756483 0.000735661531316 0.0112405323849 -6.37081126791e-05 -0.00106998418665 5.46498304225e-05 0.000736663971284 0.00120016493366 -2.24684373615e-05 0.000254564459292 1.32402266601e-05 -4.38274153887e-05 9.40094648512e-06 -0.000105822857619 -7.12851388665e-05 3.76662237689e-05
620.0 0.000785224343576 0.00919445017599 3.71945582644e-05 3.02979924753e-05 0.00829423365553 -0.00483991645423 -0.000311612513504 0.0011749725192 0.000587111443077 0.00950834846907 -3.69788360206e-05 -0.000912088171817 3.47127369972e-05 0.000641937204056 0.00105401823347 5.65328351177e-05 5.52943697185e-05 5.28682667751e-05 3.27738074144e-05 -0.000139832376515 0.000139692938469 -2.36871723881e-05 0.000159055041399
640.0 0.000642410581145 0.008216023886 2.89566924618e-05 1.21087312037e-05 0.00777388513524 -0.0040849062305 -0.000243713141828 0.000979754549688 0.000485842118299 0.00815073866406 3.9077805022e-05 -0.000404839443402 1.48707049129e-05 0.000470646553559 0.000947673354801 6.04528429937e-06 8.01151948596e-05 6.18605276632e-05 -3.70452410476e-06 -0.000142308636634 0.000130840560431 5.30776758069e-06 0.000189416954824
660.0 0.000519596432798 0.0073658264204 2.30143951391e-05 1.77196092096e-05 0.00745754307869 -0.00343986109298 -0.000197563083082 0.000796873877532 0.000388067951833 0.00716642281268 5.89547995643e-06 -7.04712387239e-05 1.93174210841e-05 0.000365009638926 0.000853885964798 -6.06275628681e-05 0.000128984122266 2.00144308945e-05 -8.47472796472e-05 -1.1465555792e-05 -6.39440755858e-05 3.08796180188e-05 5.61853438269e-05
680.0 0.000439140453221 0.0064963021981 1.68361502738e-05 1.59290376428e-05 0.00685519425021 -0.00306847401315 -0.000154878163071 0.000708832762009 0.000304444464192 0.00596395411556 1.55750073498e-05 -0.000248084376385 1.64528042609e-05 0.000323994414277 0.000707776795772 -1.66876313668e-05 0.000215993456297 7.38077492377e-06 8.09987652066e-05 -5.06991141906e-06 -6.07462479843e-05 -2.18598052413e-05 0.000147922887747
700.0 0.000374867410676 0.00578863533773 1.39084413821e-05 2.06505532217e-05 0.00657867130733 -0.00259565779025 -0.000129613743655 0.000574674571646 0.000232310885468 0.00508217886558 -4.67765131385e-06 1.30429349604e-05 1.01480672522e-05 0.00024606663688 0.000677228747127 4.27200380652e-05 -2.94264025872e-05 -2.62581718349e-05 -7.72411973497e-05 -4.97912552188e-05 6.6711477971e-05 3.54061596826e-05 0.000165372523617
720.0 0.000300105386121 0.00521336500691 1.08877767718e-05 7.87319522031e-06 0.00618306629017 -0.00222561948581 -0.000101153608952 0.000479703214368 0.000195029589168 0.00436875923283 3.50049711167e-05 5.55773919078e-05 4.49691563851e-06 0.00020234649988 0.000564768910587 -1.52218201062e-05 8.87303400849e-05 2.34996492094e-05 7.96458103063e-05 -3.16022209026e-06 -6.3818789025e-06 -3.13619593493e-05 5.93890413503e-05
740.0 0.000255412203568 0.00455113425399 9.30804384618e-06 2.35330595776e-07 0.00586427332713 -0.00192050103592 -8.70069916922e-05 0.000404765470034 0.000184215409213 0.00366553901566 1.00653257465e-05 0.000118003606399 5.14143150162e-06 0.000178121573524 0.000511699263368 -5.44923496216e-06 -8.45187138842e-05 3.37481964273e-05 9.36475229609e-05 9.64265991561e-06 9.57180319833e-05 1.18682271785e-05 6.84493562275e-05
760.0 0.000203687976414 0.00406170373465 7.28146292778e-06 7.63687231979e-06 0.00551219814274 -0.00162442308009 -6.76414097454e-05 0.000335880033964 0.000120682882528 0.00320781315396 1.77350499281e-05 0.000271754829213 -1.15916737024e-07 0.000120693492274 0.000476422219474 2.07386771038e-05 -7.31413132899e-05 -1.06579304224e-05 -4.97604556174e-05 -6.64095204968e-06 5.91218991059e-05 1.46132298143e-05 1.00239329732e-05
780.0 0.000176992760072 0.00362329207758 6.08054168458e-06 9.25370135753e-06 0.00518140093743 -0.00143964873108 -5.61782364911e-05 0.000291929765681 0.00011550107444 0.00282337634549 2.75509510112e-06 0.000239914224454 8.36372676913e-06 0.000109088819258 0.000386073568235 -1.62542593948e-05 7.79896656594e-05 -1.25747452959e-05 5.91729008644e-05 1.38447771383e-05 -1.8457791042e-05 6.19754395716e-06 -9.58848403937e-06
800.0 0.000145179813074 0.00326045037051 4.23752083587e-06 1.03166935508e-05 0.00479694733742 -0.00118927940508 -4.17762059542e-05 0.000263560273938 0.000111047215812 0.00231200790084 -5.88014372138e-07 0.000185301806797 9.37169933619e-06 0.00010076402006 0.000366996306966 7.23002292073e-06 -7.82052724671e-05 -3.86535619521e-05 3.65958823103e-05 6.62256154223e-05 -3.54287917246e-05 -9.91133749094e-06 8.401606885e-05
820.0 0.000126988683072 0.00286474132432 3.27636556626e-06 4.58812170603e-06 0.004649199423 -0.00107612388945 -3.63033558566e-05 0.000227521899355 0.000105452828701 0.00187702282777 -2.00825891522e-05 0.00024033993722 1.34436596556e-05 9.06837958395e-05 0.000351648259879 -2.31084899973e-05 -0.000102894394857 -1.51411054244e-05 2.16568049221e-05 8.53922161666e-05 -1.79372590355e-05 6.35545080344e-06 2.45465304256e-05
840.0 0.000107925702015 0.00258600549926 3.2874801383e-06 3.31570131769e-06 0.00438719182521 -0.000902237524917 -3.25241011643e-05 0.000190610050845 8.60806801147e-05 0.00161444086633 2.0739447654e-05 0.000270004622007 4.30954234886e-06 7.32167360572e-05 0.000350672295777 -4.23608076976e-06 -9.89070691479e-05 -4.35710032777e-06 -9.88111753271e-05 9.02103374195e-05 -5.21799577508e-05 -6.99972618098e-05 -3.41189121994e-05
860.0 8.86784260415e-05 0.00233982721779 2.29392011679e-06 -3.64874759582e-06 0.0040998519812 -0.000824386713068 -2.40912145139e-05 0.000150122322217 2.14890019856e-05 0.00135994816009 6.46753790477e-06 0.00028599401755 -3.26021151749e-07 4.13554463166e-05 0.000241775609236 -1.97564180418e-05 4.14675042088e-05 2.32425212851e-05 9.76834604593e-05 1.41525260863e-05 7.64633557765e-06 1.33286968461e-05 8.47037066305e-07
880.0 7.4071743477e-05 0.00206653590321 1.56145619635e-06 -5.73344327535e-06 0.00395624411854 -0.000631143948234 -1.89561857964e-05 0.000119081544227 1.96126342601e-05 0.00101720685806 3.41658510419e-05 0.000308066329907 -4.11006083809e-06 2.59491777422e-05 0.000218330883204 8.64518719732e-06 -3.00830098292e-05 1.43950098446e-05 2.48380263814e-05 -2.91614260217e-05 5.25472829926e-05 -9.64587826061e-06 5.87357577765e-05
900.0 6.19658147026e-05 0.00190627784442 1.0813824678e-06 4.37609506053e-07 0.00366171432962 -0.000587674353257 -1.43220724884e-05 9.9821853991e-05 9.82915205487e-06 0.000980815994498 1.28534584209e-05 0.000304323877129 -1.39512919121e-06 2.60874995779e-05 0.000214311879396 -2.63531861594e-05 7.42781593971e-05 1.26518208754e-05 2.50722132099e-05 1.7344824097e-05 -1.13166922689e-05 7.02917728204e-06 3.0090229694e-05
920.0 5.16808151065e-05 0.00166154479637 1.15503553938e-06 1.83942967048e-06 0.00352236024148 -0.000504472286463 -1.23612427667e-05 8.96752722584e-05 8.40483946764e-07 0.000685536679047 -7.02380553011e-08 0.000303666779836 7.01897318481e-07 9.13384373757e-06 0.000150329732834 -6.42080777629e-06 3.48415417527e-05 1.09844894094e-05 0.000114446713699 4.3678362079e-06 1.49458453398e-05 8.41050717415e-06 2.80382684506e-05
940.0 4.94087944159e-05 0.00152390390004 6.56612979129e-07 5.87163144085e-06 0.00335148191697 -0.000464798780156 -1.04209293821e-05 7.68585752856e-05 1.83001766264e-05 0.000631418744165 1.35298687156e-05 0.000243586272053 -1.16679011058e-06 1.6959689115e-05 0.000200999842305 7.883059083e-07 6.88605490378e-05 8.04351087131e-06 2.19483214384e-05 7.76262359429e-06 -4.08531694024e-05 -1.84481326173e-05 2.55091754216e-05
960.0 4.20048515598e-05 0.00133851852358 1.03874018104e-06 6.89168686354e-06 0.00312789964221 -0.000355431302216 -1.02397179e-05 5.84041493033e-05 1.51997754103e-05 0.000492666519447 7.31552011687e-06 0.000272011347339 -1.7788059642e-06 -5.48758034977e-06 0.000161841722852 1.7553527419e-05 4.45276692826e-05 1.07506422337e-06 9.36650997825e-06 -4.41977691599e-05 -9.42625515474e-06 1.40470502642e-06 3.29279298913e-05
980.0 3.39448085917e-05 0.00121970843788 4.70023134963e-07 5.62490468439e-06 0.00302870916229 -0.000340418041783 -7.6315090954e-06 5.51452048413e-05 1.49183640455e-06 0.000359644397344 1.33201548885e-06 0.000240388508513 1.64144535529e-07 7.51526376288e-06 0.000169929815301 2.68255362178e-06 1.65095573686e-05 -2.4587844231e-06 -5.1457696781e-05 1.5907065518e-05 -1.1128642474e-05 -7.45457097148e-06 2.254639626e-05
1000.0 3.44455489526e-05 0.00108877851143 8.8778558958e-07 4.17397240502e-06 0.00289086681896 -0.000274031372958 -8.59813687378e-06 4.24764545534e-05 -2.9137938752e-06 0.000284148123914 -8.13556248428e-07 0.000206454005924 2.21145327621e-06 6.34656992465e-06 0.000158008230597 1.69511764727e-07 1.95341284662e-05 -6.74991586549e-06 -7.76331076384e-05 -9.8107797692e-08 -5.18898608385e-06 1.87328895926e-06 7.22602171781e-05
1020.0 2.91448447325e-05 0.00101966782457 5.99585372801e-07 5.16400985362e-06 0.00273087293891 -0.000274969966515 -6.72115520605e-06 3.61879292314e-05 2.27387105169e-06 0.000267775296098 7.90283400532e-06 0.00027999641643 -1.90787598811e-06 -8.93578220199e-06 0.000124032593623 6.81164655451e-06 1.04094235698e-05 -6.20858421842e-06 2.23123730564e-05 -2.34008038851e-05 3.71936543379e-05 7.88207991351e-06 -1.18081985746e-05
1040.0 2.3504499135e-05 0.000931575226889 4.11866357375e-07 3.98095034895e-06 0.00255962612155 -0.000206956510782 -4.76165348241e-06 3.62371925945e-05 5.04101589903e-06 0.000169487231069 1.34604988311e-05 0.000232020269758 -3.91068921914e-06 -4.78446233564e-06 0.000128321725868 1.89507732995e-05 1.51502338591e-05 1.28529148515e-06 -3.85705123436e-05 -3.3760306091e-05 -6.43383545781e-06 4.36069272451e-06 6.78662443533e-05
1125.0 0.000108846808182 0.00478639083848 1.7633790286e-06 2.41396056817e-05 0.0158300251301 -0.00102036039203 -2.24836423637e-05 0.000204496017048 9.94125436698e-06 2.98293138635e-05 1.45649516167e-05 0.00113943793015 4.1814457262e-06 1.09997674824e-05 0.000674797311316 6.29347288335e-05 -0.000106542585883 -6.80379129927e-05 -0.000199721130415 7.570497281e-06 -6.87723107299e-06 -1.20813945104e-05 0.000283175693425
1300.0 4.95540314475e-05 0.00304654135246 -3.01780347291e-08 1.89717466658e-05 0.01387001804 -0.000612030519556 -5.8649342797e-06 0.000106262250332 -1.86530642023e-06 -0.00124554153986 -2.22982101945e-06 0.000878561660228 8.5251363123e-06 -1.26449833617e-05 0.000359571545805 -2.57633752247e-06 0.000175859589113 4.62084139294e-06 0.000190662302326 -3.07183375122e-06 -2.6527669598e-05 -2.50024031584e-05 0.0001369486093
0.0722290116102 0.411599961514 0.0114281667805 0.0114316968336 0.407033128079 -0.314848750124 -0.0519952164259 0.114739378386 0.0947653950966 0.548965810145 -0.0410927570955 -0.189018234465 0.0215944174373 0.0947022502365 0.102772051916 -0.000258803016012 0.000658071432947 0.000673369076707 0.000946678739646 -0.00118526191735 0.00289858952866 0.000646594351563 0.00464965674061 