250.0 45.4730453555 160.0420485843 36.5747688845 51.4173072496 227.5502354254 -169.6209904287 -81.0478142400 152.5002142370 181.3408531184 381.4561567705 -95.2889738170 -200.6392248522 86.6890692920 181.4367793041 216.2202661396 -0.4807776162 0.8820455056 1.8831987178 1.1397534005 -1.4657801058 2.6891533785 1.7090581335 3.4748453317 
270.0 15.4899436208 55.2720318068 9.1533830297 13.2682381845 79.8548817095 -58.2047839600 -23.6433266505 44.9098942216 53.7586997392 132.4496037123 -28.1141844233 -69.1861373207 21.9838494557 53.7978679959 65.0046791604 -0.1026762557 0.1906433341 0.3324330515 0.2381720164 -0.3177083493 0.5899078122 0.2959526930 0.7369432611 
290.0 7.8097337173 28.2992973969 3.3389447179 4.4795788030 37.9964716644 -29.5704949711 -10.1486784351 19.4014178232 22.4463068319 65.4077368901 -11.6040065518 -33.9031516753 7.7130424847 22.4035002830 26.0463608961 -0.0495581114 0.0927002946 0.1392208699 0.1121862825 -0.1551295449 0.2901700487 0.1215397429 0.3511513725 
310.0 4.9450348635 18.0405261688 1.5328359475 1.8754581572 22.0049386861 -18.7971081843 -5.4778708110 10.5127992812 11.6044154834 39.7525728960 -5.9517510470 -20.5300035120 3.3693526482 11.5959325054 12.8626703740 -0.0291291308 0.0548570328 0.0693477587 0.0631742069 -0.0926115421 0.1743966329 0.0586466661 0.2008246968 
330.0 3.5872020080 12.9109012567 0.8090358521 0.8746616093 13.7833457443 -13.5563885298 -3.3962378601 6.4809354469 6.6678822880 26.5291782327 -3.4587306698 -13.8474970460 1.6740182085 6.7015148012 6.9458080807 -0.0193073166 0.0362713720 0.0392573983 0.0391574751 -0.0623431046 0.1171000316 0.0317773335 0.1264065973 
350.0 2.7369008634 9.1529957198 0.4390798778 0.3743415595 7.7463760781 -9.9615251393 -2.1759807412 4.0091096087 3.6687539273 16.7182186409 -1.9749407655 -9.0186484430 0.8072935275 3.6690518030 3.3976131888 -0.0122553719 0.0223171124 0.0208089181 0.0216869994 -0.0401933816 0.0731668100 0.0156134431 0.0710894652 
370.0 2.3576783663 7.9989525226 0.2997595408 0.2059037307 5.4922111463 -8.5766741102 -1.6574379071 3.0882532824 2.5298119658 13.1260726449 -1.3319785056 -6.8735178532 0.4975495178 2.5426108476 2.1245887027 -0.0090369536 0.0165893888 0.0135323247 0.0147208337 -0.0300927955 0.0552234699 0.0094839153 0.0489996742 
390.0 2.1664631231 8.0490443626 0.2403277702 0.1479184417 4.9998383955 -8.1495653202 -1.4067908933 2.7666764929 2.1304510278 12.3673892610 -1.0116350590 -5.9183580607 0.3629498119 2.1302265845 1.7200697343 -0.0078667851 0.0155058057 0.0113124015 0.0133998122 -0.0266228051 0.0524521265 0.0077866623 0.0453278688 
410.0 2.0395488357 8.4642803157 0.1957652178 0.1189722234 5.0180086058 -8.0276255154 -1.2353140535 2.6082621159 1.9031558391 12.4024931126 -0.8154502952 -5.3056620503 0.2955179501 1.9103163266 1.5525052346 -0.0072159869 0.0156387016 0.0103672363 0.0136811193 -0.0248218546 0.0537665430 0.0072286002 0.0470381488 
430.0 1.9302166445 8.9601227926 0.1749387345 0.1020948873 5.3085222187 -7.9717660161 -1.1051553790 2.4845139301 1.7668364719 12.6295460815 -0.6669368610 -4.8235952146 0.2409162572 1.7397354910 1.4645529192 -0.0064611442 0.0154901401 0.0094195110 0.0140454115 -0.0225468537 0.0540110558 0.0067764881 0.0489759094 
450.0 1.8519065296 9.5429734322 0.1501013658 0.0909450749 5.7759671545 -7.9903286800 -1.0020078954 2.3909995849 1.6288531200 12.9905255339 -0.5547333473 -4.4315265521 0.2043782808 1.6292697658 1.4456830022 -0.0056871930 0.0153024670 0.0086428958 0.0145979285 -0.0201989880 0.0543032722 0.0064961954 0.0518078344 
470.0 1.7863816772 10.2134991141 0.1334818806 0.0836069365 6.3929474251 -8.0609944136 -0.9198635578 2.3280614323 1.5276911738 13.5236080256 -0.4650106150 -4.0822918507 0.1753075529 1.5427897979 1.4594088151 -0.0051350608 0.0155053511 0.0081776802 0.0157288542 -0.0185220071 0.0558695786 0.0064710772 0.0566794419 
490.0 1.7279847776 10.9254170854 0.1222966242 0.0780169145 7.1315266760 -8.1339398337 -0.8502814017 2.2902473728 1.4913961585 14.1139513455 -0.3918823697 -3.7436319821 0.1530914802 1.4655053932 1.4946565904 -0.0046725106 0.0159162246 0.0078862032 0.0173022584 -0.0171173874 0.0582203976 0.0066067751 0.0632942495 
510.0 1.6931694251 11.8005596134 0.1052606442 0.0739385363 8.0348642241 -8.3310592258 -0.7984300693 2.2760461686 1.3855401130 14.6947394724 -0.3316825158 -3.4633463144 0.1414346612 1.4420627098 1.5502428587 -0.0042754128 0.0164987684 0.0077591866 0.0192423414 -0.0159107152 0.0613234640 0.0068861841 0.0715289965 
530.0 1.6476146379 12.5654946787 0.0979429086 0.0711693790 9.0738587177 -8.3948122020 -0.7455575465 2.2276632913 1.3674809371 15.3260720753 -0.2739609364 -3.1113017425 0.1208294533 1.3581579683 1.6121927808 -0.0036595598 0.0165164539 0.0073956726 0.0208793383 -0.0138996821 0.0626420493 0.0070099086 0.0792011348 
550.0 1.6120894241 13.5751000437 0.0929323822 0.0688312566 10.2794547311 -8.6049890030 -0.7050218063 2.2117203100 1.2739075046 15.9711487148 -0.2295454699 -2.8379455055 0.1083725249 1.3432581403 1.6654804989 -0.0033705808 0.0175086546 0.0074604252 0.0240786886 -0.0129728618 0.0672691467 0.0075529774 0.0925196458 
570.0 1.5874566831 14.6197820666 0.0864815803 0.0672173493 11.6087419894 -8.7775375484 -0.6739382634 2.2349624032 1.2922038142 16.7359482713 -0.1761873875 -2.4313500570 0.0876725199 1.2794857561 1.7688798101 -0.0030456443 0.0187315177 0.0076681962 0.0280015174 -0.0119270640 0.0731714223 0.0082880974 0.1093953124 
590.0 1.5619271042 15.6263746710 0.0728020185 0.0663061006 13.2036812163 -8.9763128401 -0.6347291227 2.2025836642 1.2182004762 17.3197262968 -0.1481127375 -2.1361489853 0.0869241690 1.2359829274 1.8662909361 -0.0025119900 0.0187470976 0.0073997075 0.0305788165 -0.0099973005 0.0744741553 0.0085533739 0.1214828413 
610.0 1.5268964771 16.6672426048 0.0724240105 0.0648055576 14.8417624659 -9.1201059057 -0.5993204876 2.2058908861 1.2037384033 17.8929600918 -0.1186833770 -1.7294462328 0.0808421834 1.1846566121 1.9356386661 -0.0021575400 0.0196092745 0.0074911986 0.0347898745 -0.0087066303 0.0789282154 0.0092217354 0.1400467084 
630.0 1.4938948886 17.4583567922 0.0751856639 0.0638429083 16.7263060957 -9.1763058374 -0.5690805526 2.1226915623 1.1302089283 18.2510214328 -0.0812839215 -1.4296963368 0.0614604404 1.1469790085 2.0414301127 -0.0015270668 0.0185554291 0.0069103694 0.0358862170 -0.0062876737 0.0760992097 0.0090790470 0.1471790362 
650.0 1.4825719180 18.6103462827 0.0589835648 0.0629977354 18.8996214073 -9.3949088471 -0.5415554827 2.1528231266 1.0718403197 18.8635607137 -0.0574014597 -1.0039251202 0.0645599421 1.0754981244 2.2050421913 -0.0011362741 0.0188388694 0.0068254190 0.0398671414 -0.0047478316 0.0781714651 0.0095634487 0.1654568840 
670.0 1.4710437264 19.7527831907 0.0429246858 0.0631911625 21.2411407442 -9.5637649574 -0.5139684122 2.1425472630 1.0518090051 19.2951549503 -0.0485400511 -0.6422247941 0.0708951222 1.0457399333 2.2892971593 -0.0006997458 0.0192948010 0.0068333442 0.0449094955 -0.0029600500 0.0812688881 0.0102418537 0.1891825317 
690.0 1.4466666818 21.3064538013 0.0532521787 0.0625940827 24.2527646809 -9.8062759313 -0.4999188605 2.1441632568 1.1128938920 19.9378290193 -0.0114201935 -0.0899389330 0.0665571080 1.0341523933 2.4518321998 -0.0002347979 0.0199672928 0.0069421040 0.0513009641 -0.0009723629 0.0854599830 0.0111423293 0.2195891157 
710.0 1.4008103659 21.3177221059 0.0682798715 0.0618378257 26.5017965553 -9.6663536195 -0.4690902374 2.0396736285 0.8637454088 19.5231653164 0.0007644261 0.1506680870 0.0468742734 0.9696910347 2.5816962598 0.0001378351 0.0164073458 0.0056259890 0.0459651496 0.0006389189 0.0710692855 0.0095695468 0.1991218446 
730.0 1.3976532942 22.9502568146 0.0676204938 0.0629854664 29.8530085258 -9.9436028773 -0.4652737881 2.0862381505 0.9415041753 20.0642345518 0.0288703810 0.6554637783 0.0439681652 0.9558990160 2.7419756510 0.0007472621 0.0175183580 0.0059847886 0.0542630327 0.0033251521 0.0779611933 0.0109264390 0.2414709495 
750.0 1.4123452568 24.3598555480 0.0327285985 0.0618358432 33.1673399712 -10.1052495325 -0.4450738552 2.1141667016 0.8306661081 20.3296211352 0.0546820758 1.1721067282 0.0329132048 0.8702729586 2.8758602265 0.0013385848 0.0185825686 0.0063228920 0.0633604083 0.0059418244 0.0842667107 0.0123041529 0.2873536014 
770.0 1.3991622348 25.6461888826 0.0269010695 0.0628808751 36.9701296491 -10.2575964833 -0.4260633043 2.1198096731 0.8389427177 20.4643080325 0.0784959983 1.5004477953 0.0253025125 0.9569813257 2.9551986758 0.0016002514 0.0188421238 0.0063660755 0.0700873048 0.0073787239 0.0858875974 0.0130475259 0.3198337765 
790.0 1.3701535786 26.5643902839 0.0397034400 0.0648513568 40.8675970417 -10.2881831499 -0.4098570186 2.0378565792 0.7427577446 20.1331994620 0.0804285858 1.8620880288 0.0304816041 0.9270866900 3.0667948415 0.0020810670 0.0173931647 0.0059145385 0.0721357511 0.0097549797 0.0812608846 0.0129941709 0.3371501092 
810.0 1.3477763428 27.9328222608 0.0388465521 0.0687494566 44.5192636381 -10.3994117850 -0.3866228949 2.0803719518 0.8527065084 19.5960655345 0.0668893213 2.6775023260 0.0336857598 0.7597864587 3.3198165583 0.0027489081 0.0183018574 0.0062691859 0.0842350868 0.0130572549 0.0870564318 0.0146623344 0.4007091655 
830.0 1.3174428353 29.4168843628 0.0507096820 0.0637780837 49.6852415848 -10.4814732012 -0.3681525174 2.0676498642 0.4974000927 19.7590142267 0.0972518016 2.9218220237 0.0247685255 0.8913130082 3.4410616299 0.0031981577 0.0182752778 0.0063132401 0.0931227368 0.0154342790 0.0879321257 0.0156188640 0.4480115458 
850.0 1.3464050692 30.4343843428 -0.0027680056 0.0600474990 53.9474890245 -10.6630228790 -0.3436370636 2.0666461434 0.6624447482 19.3050678557 0.0444093262 3.6123416475 0.0834479913 0.6406973698 3.7099659692 0.0035664401 0.0177673561 0.0062020261 0.1006254673 0.0172442355 0.0859828685 0.0161847726 0.4870854490 
870.0 1.2984657792 31.7184287082 0.0599897181 0.0622008355 59.8812907558 -10.5572354218 -0.3584554973 2.1113821604 1.0717083910 18.9055862327 0.0893574599 4.3785395224 0.0543517659 0.5548828742 3.9494177719 0.0040925712 0.0170826860 0.0061073644 0.1082171162 0.0202929834 0.0845827664 0.0169711497 0.5358682925 
890.0 1.3012015631 33.4677881554 0.0415723984 0.0622682975 66.1420564711 -10.9138158087 -0.3427739615 1.9608738524 0.2916370432 18.2112155096 0.0662445950 4.6775540802 0.0833175547 0.7431394663 3.9522049564 0.0044556850 0.0168617984 0.0061436733 0.1205344473 0.0220038012 0.0831263835 0.0179234406 0.5942693575 
910.0 1.2843354291 34.0900870899 0.0105812280 0.0521556350 70.8054101044 -10.9568466551 -0.2949166571 2.0249640384 0.2874535801 17.1296517270 0.0329508988 4.9121373746 0.1157398845 0.5690505891 4.0187919027 0.0048174133 0.0156036438 0.0058791528 0.1250314675 0.0242834993 0.0785062308 0.0181714148 0.6292683408 
930.0 1.3155547728 35.7549806497 0.0295157720 0.0600433218 78.4699512357 -10.9244104884 -0.3450705447 2.0001101075 0.5948069033 16.7929242773 0.2452991339 6.2987951610 -0.0509236280 0.3488736884 4.2974608094 0.0054256545 0.0149671852 0.0058955876 0.1367705293 0.0280891787 0.0770899188 0.0194196672 0.7046294389 
950.0 1.2972339558 36.4580029798 0.0531341968 0.0608892569 84.5346348975 -10.7418745332 -0.3503681526 1.9451571081 0.5736827402 15.1027817337 0.2080212634 6.2040432129 -0.0471890383 0.3457993284 4.6717686326 0.0057046492 0.0140060089 0.0057493700 0.1443176147 0.0297752423 0.0727034393 0.0198449737 0.7492272609 
970.0 1.3021073955 38.1453403396 0.0853264087 0.0635931208 92.8517071524 -11.0280818888 -0.3874338042 1.8579909717 0.2950284067 14.5510858239 0.3552369904 6.5371519548 -0.1742682928 0.7044353573 4.7110745090 0.0061025321 0.0130381086 0.0056694021 0.1556390951 0.0321746837 0.0682439806 0.0206410860 0.8153578261 
990.0 1.3586263764 38.2475870370 -0.0502303562 0.0613393810 97.1637413485 -10.9011276651 -0.3083960202 2.0023531134 0.5749950109 12.4534408416 0.1958316657 6.7466942461 -0.0549306809 1.0476036377 4.8808961488 0.0065687664 0.0117656053 0.0054827810 0.1618701202 0.0354211698 0.0634050661 0.0212257220 0.8722304468 
1010.0 1.3378175132 39.8977844407 -0.1064221334 0.0597558934 105.9024235165 -10.9994186307 -0.2313953797 1.9685816672 0.4266756538 11.3968718590 0.0808894654 8.2754939775 0.0995019038 0.6193421324 5.5372539593 0.0070760146 0.0105156438 0.0053521586 0.1711826389 0.0391798946 0.0583258711 0.0221381622 0.9494252265 
1030.0 1.3996778891 42.0905132764 -0.1353666106 0.0494370614 117.1523369598 -11.6993034999 -0.2643112786 2.1181113317 0.2046880587 10.1191876342 0.2102732380 7.6416672670 0.0263175914 0.9798423069 4.7440931363 0.0073176593 0.0098484851 0.0054480790 0.1887825516 0.0402753354 0.0536783871 0.0231291073 1.0296076620 
2.2421277098 12.3889164220 0.3454711797 0.3518440223 12.6387787068 -9.6521288328 -1.5875988895 3.4610817233 2.8872585620 16.7589411837 -1.2679933228 -5.8874065722 0.6588457159 2.8865412910 3.1615077670 -0.0082384037 0.0209440624 0.0169372192 0.0291194130 -0.0273302303 0.0731086862 0.0145633413 0.1166582311 
