260.0 0.00169335342722 0.0058935719072 0.00112209025302 0.00164768483278 0.00855688602395 -0.00627123049856 -0.00275011875186 0.00515315078583 0.00618851834735 0.0141554295404 -0.00327987410062 -0.0075046743638 0.00271261541801 0.00619812988762 0.00749997715204 -4.38584477903e-06 1.31504469686e-05 4.29681357773e-05 2.22750228332e-05 -2.5823188366e-05 5.69119423938e-05 2.65237945378e-05 5.8574430839e-05
280.0 0.00268107583844 0.0096510577678 0.00134037478981 0.00186731239818 0.013369886917 -0.0101507419999 -0.00376542775731 0.00718961588222 0.00842983988325 0.0226580029423 -0.00444229801353 -0.0119003118431 0.00316123395633 0.00845873341012 0.00995905576974 -1.23326517238e-06 1.46129702072e-05 5.4155731142e-05 4.33043361001e-05 -7.93216276181e-05 0.000144852731557 0.000148008996322 0.000250543151216
300.0 0.00319468897451 0.0116345347939 0.00116708989736 0.00150474687688 0.0149414299917 -0.012120982598 -0.00383708625325 0.00736930712398 0.0083336322187 0.0262602785494 -0.00425823790738 -0.0135693013412 0.00263334334107 0.00829870929049 0.00945535024404 -3.50530287336e-05 -1.38419744193e-05 2.6683358535e-05 3.24926336901e-05 -4.38810714174e-05 0.000166085216962 1.4972457133e-05 0.000140524528369
320.0 0.00369300969142 0.0134749129896 0.000985003390839 0.00113824759557 0.0154590204415 -0.0139787602551 -0.00379014594398 0.00726931929134 0.00777541652715 0.0287179742149 -0.00405386433908 -0.0147289881462 0.00211048928855 0.00772636546578 0.00832318091442 2.96586405539e-05 -0.00010194996414 -2.72211922151e-05 -0.00011615101214 -4.27934463625e-05 9.82868919279e-05 4.42129596e-05 7.4551829702e-05
340.0 0.0045250371081 0.0158474194566 0.000866559456891 0.000840641975671 0.0152282089347 -0.0168648815608 -0.00393511473565 0.00740501574738 0.00723697566831 0.0309074674468 -0.00376364813463 -0.0162986382964 0.00168967513157 0.00723270561645 0.00717635298823 -2.73072660436e-05 7.9606726531e-05 1.85151344171e-05 7.970237456e-05 -9.08948045426e-05 0.000142813855448 2.9249591006e-05 0.000125830664675
360.0 0.00607598063691 0.0199065173488 0.000846849038501 0.000633521742332 0.014906145915 -0.0218150798688 -0.00449537538262 0.00822036805023 0.00703363538409 0.0342517922863 -0.00378906197706 -0.018607255524 0.00145793762265 0.00711191625687 0.00612515927661 -3.6087225079e-05 0.000169887856766 7.86607194313e-05 0.000128220820594 -0.000120287469005 0.000164215886692 -5.06049326636e-06 0.000192096293433
380.0 0.00632923118373 0.0222861806079 0.000743484670332 0.000469165048118 0.0142867940849 -0.0233939132842 -0.00426125018869 0.00814236632469 0.00635723943548 0.0351690376483 -0.00320249275634 -0.0177765424801 0.00116616904928 0.00644726461148 0.00518005053733 1.62062701265e-05 0.000296026932087 9.97605295311e-05 0.000278527261921 -0.000211130397725 0.00011313212577 1.33849991371e-05 9.52910644607e-05
400.0 0.00579494038027 0.0226634130655 0.000597051751653 0.000378120435566 0.0136178177044 -0.022246152932 -0.00361623120931 0.00737049687834 0.00548467887105 0.033840703951 -0.00255849169093 -0.015445191883 0.000901853244119 0.00554071475592 0.00445124364906 7.09256491374e-05 6.61042216353e-05 4.08901321405e-05 3.90984316933e-06 -0.000231682530057 0.000231987888911 7.9084581518e-05 0.000267921196484
420.0 0.00498232393985 0.0220233795095 0.000463867823303 0.000270697935536 0.0129113930204 -0.0202627430205 -0.00292760584559 0.00641205805701 0.00457596310527 0.0314920782575 -0.00185291867555 -0.0126907778191 0.000663954519672 0.00457479387055 0.00375450150502 -7.93133983486e-05 -3.64457893974e-05 3.73567487232e-05 8.93807674224e-05 2.30561201293e-05 0.000213958886206 6.9730072426e-05 0.000134207711835
440.0 0.00419240384889 0.0205703462665 0.000355217346246 0.000232840455045 0.0122260552473 -0.0177622066 -0.00232973967198 0.0054405637755 0.00381292053392 0.0284452608428 -0.00134151977021 -0.0103554760207 0.000492761989398 0.00377532997746 0.00329262749552 9.02328364856e-05 -5.98090884622e-05 -3.55121102632e-05 -0.00010319267633 -9.08458254067e-05 0.000107949966512 -2.36655301315e-05 0.000131813772394
460.0 0.00347171947352 0.0189322994189 0.000270152550017 0.000155965214869 0.0116412426639 -0.015300880336 -0.00183501007504 0.00450464095473 0.00304854242968 0.0254768213164 -0.000937831114721 -0.00802030878054 0.000356367393509 0.00301996946528 0.00280593817514 -3.12449197327e-05 -5.71692408498e-05 4.4517654818e-05 -9.27093505283e-05 -9.75882470424e-05 0.000210929108456 3.19032522786e-05 0.000109674576111
480.0 0.00284658615046 0.0172087601899 0.000204896143307 0.000131428407285 0.0109543964233 -0.0131504633445 -0.00143526487562 0.00376353524178 0.00247660583359 0.0224551417224 -0.000693594318018 -0.00640071741048 0.000267218633581 0.00245212393328 0.0024430956596 4.36478336894e-05 -5.19346244615e-05 -2.72537410177e-05 -0.00016456233848 -3.52570682914e-05 9.68300595887e-05 5.48300349587e-06 0.000160868265231
500.0 0.00232073758075 0.0153992331049 0.000154205502042 0.000107286976919 0.0102247082515 -0.0111569724175 -0.00111525560714 0.0031096621547 0.00194280740391 0.0193846007025 -0.000482411310864 -0.0050464643362 0.000196006028402 0.00198755372069 0.00200544754324 6.821851095e-05 -2.16023741887e-05 -5.13164242486e-05 0.000132156519012 -4.98084758009e-05 0.000104763640926 7.83579495369e-06 0.000174967457077
520.0 0.00187982154105 0.0138720926894 0.000116061217021 7.27433589904e-05 0.00964591807686 -0.00946817962789 -0.000866562632428 0.00253818423608 0.00149659533412 0.0169938457651 -0.000311361175761 -0.00368047060273 0.000138492803177 0.00155604934309 0.00173454089599 -2.17799982436e-05 0.000171662675546 5.47880684089e-05 0.000179317437758 -7.6755535341e-05 0.000135618765767 1.09813772893e-05 0.000187167058155
540.0 0.00151644206291 0.0124294631047 8.93929915182e-05 5.20806673475e-05 0.00906276449681 -0.00794745317419 -0.000677229713909 0.00206877284573 0.00129934743029 0.0148410092774 -0.000224710077672 -0.00263271878325 0.000105395625504 0.00122603112347 0.00150218601581 -3.45551057496e-05 -0.000169140800872 4.22435274714e-05 0.000144564430697 6.91566683167e-05 6.17067245259e-05 -4.31765890993e-05 -0.000145839795207
560.0 0.00125249614224 0.0110391318505 6.80464740887e-05 4.03235975734e-05 0.00853896397435 -0.00676130022395 -0.000533942339383 0.00172832034402 0.00101913184607 0.0127929960386 -0.000153961547596 -0.00195423254632 7.97786575468e-05 0.000999529363707 0.00131066585363 -7.78984942848e-05 6.73920877157e-05 7.04437002536e-05 0.0002301840423 1.55144517277e-05 1.80190506188e-05 9.19505046674e-06 -1.04704340786e-05
580.0 0.00101814664994 0.00986583359957 5.22787228652e-05 3.23168465362e-05 0.00805911314587 -0.00577763624111 -0.000420793043895 0.0014513088691 0.000815491960295 0.0110272341117 -8.61707218565e-05 -0.00151808317995 5.61817519207e-05 0.00082988480237 0.00117186279106 -4.93593373717e-05 1.17461260709e-05 3.46227709197e-05 0.000134911166486 1.26276025873e-05 4.81230045804e-05 2.62050457784e-05 0.00014623793443
600.0 0.000834015405148 0.00876848602736 3.9797657122e-05 5.20385436792e-05 0.00756543400463 -0.00489720707652 -0.000332342921733 0.00118312618476 0.000643378834835 0.00960151182324 -7.41340813595e-05 -0.000957660432993 5.02458767224e-05 0.000622881960252 0.00104069600834 -5.5636674861e-06 0.000159969896367 -1.39180820767e-05 -4.16216098715e-05 3.34257817095e-05 -7.90626634067e-05 -6.16966342515e-05 -9.22466101601e-06
620.0 0.000695430787361 0.00770612013554 3.12811540769e-05 2.87195350376e-05 0.00717159316954 -0.00417923511851 -0.000267822201947 0.000990034615862 0.000506772774756 0.0081212272992 -4.66557386806e-05 -0.000849903825522 3.20538689053e-05 0.000552594104435 0.000914083548723 5.08218025138e-05 5.46254191737e-05 3.82029348674e-05 1.26604966558e-05 -0.000107553930538 9.89584271598e-05 -2.16513752184e-05 0.000122697005214
640.0 0.000570091277759 0.0068953033531 2.37923906038e-05 1.13270267299e-05 0.00672924235244 -0.00352848624888 -0.00020940570242 0.000823439399578 0.000421515549168 0.00697180146948 2.70627503747e-05 -0.000385924384104 1.37995403708e-05 0.000404938315359 0.000822574770364 -4.07006798157e-06 6.1140671458e-05 5.67746526923e-05 1.89187033318e-05 -9.96334513375e-05 9.30774632061e-05 -6.62847104284e-07 0.00011582364823
660.0 0.000461334754134 0.00617166233626 1.98189554538e-05 1.38488176637e-05 0.00645420915148 -0.00296448658352 -0.000171011416533 0.000668336961594 0.000333615860621 0.00613208861988 -5.48430748128e-07 -9.66217906216e-05 1.73519496998e-05 0.000310996168321 0.000732284043493 -5.06145328708e-05 9.54127685218e-05 1.62605249858e-05 -7.73760099111e-05 -2.42307452168e-06 -6.0137844524e-05 3.05111121877e-05 3.60027524236e-05
680.0 0.000392728736553 0.00544648047855 1.48105185439e-05 1.64045192666e-05 0.00593197196788 -0.00266500653772 -0.000135771922444 0.00059679875219 0.000263700751716 0.0051134082295 1.09861394246e-06 -0.000197715646414 1.4205730822e-05 0.000271184281025 0.000614493436532 -7.60522862149e-06 0.00017237868041 2.01957258004e-07 4.80057602187e-05 -1.20792726705e-06 -4.68162594477e-05 -8.51319986819e-06 0.000111453245821
700.0 0.00033245588997 0.00484880785478 1.16915650302e-05 1.76069273079e-05 0.00569379789063 -0.00221768033462 -0.000111176330954 0.000479303201739 0.000192080620982 0.00434527644919 -3.12202812128e-06 -1.47869100094e-05 9.0038979462e-06 0.000209449964857 0.00057924785719 4.31724422947e-05 -3.92375804995e-05 -3.05393553327e-05 -7.50723865453e-05 -4.6313022472e-05 5.41124140927e-05 3.01810263901e-05 0.000136276310812
720.0 0.000270080280167 0.00436739479222 9.20388077621e-06 8.7452521838e-06 0.00535657565896 -0.00191011802748 -8.84568832759e-05 0.000399815064696 0.000167652275205 0.00374723207684 2.69400027075e-05 7.09288934668e-05 3.43584260615e-06 0.000166884575122 0.000489178947026 -3.68886228538e-08 2.09195129289e-05 5.34130524247e-06 3.35980233416e-05 -1.54199559961e-06 -6.29124834361e-06 -2.09378556635e-05 2.24127322898e-05
740.0 0.000229225375666 0.00382099145386 7.82674815369e-06 1.32699642384e-06 0.00507951178046 -0.00164525845921 -7.52067655381e-05 0.000338002038758 0.000154497406312 0.00316338078885 7.20793830494e-06 9.40711117925e-05 4.46114308708e-06 0.000151276622211 0.000440176850783 -1.67203367523e-07 -7.68650534699e-05 2.00955432544e-05 6.7222207935e-05 5.1255688163e-06 7.22509813308e-05 1.19643489759e-05 4.19998766895e-05
760.0 0.00018260805252 0.00341371715453 5.86410580334e-06 3.71489991868e-06 0.00478185820699 -0.00139317661147 -5.72935254847e-05 0.000282662585002 0.000104980056681 0.00274574955395 2.21886073322e-05 0.000234201567081 2.55185877992e-07 0.000106370221428 0.000415349678907 6.15722669915e-06 -8.84601193547e-05 -5.13538647839e-06 -4.43964122008e-05 7.25264510104e-06 4.79471860478e-05 7.36838527256e-06 -1.15564057686e-05
780.0 0.000158849515757 0.00303786233494 5.21616107104e-06 6.94220927477e-06 0.00449628417341 -0.00124480786694 -4.9462466371e-05 0.000244500049965 9.7995404855e-05 0.0024172825594 8.15134361696e-06 0.000212353424074 4.372306763e-06 9.38466970206e-05 0.000341492941157 -1.12345956701e-05 6.86075568545e-05 -2.39290328251e-06 3.35473263425e-05 2.99285051432e-07 -9.42963680717e-06 6.85949832736e-06 -6.25955631008e-06
800.0 0.000133423875427 0.00275096279915 3.42031649089e-06 7.50444627129e-06 0.00417207441644 -0.0010369851445 -3.63451635458e-05 0.00022147506679 9.29905637715e-05 0.00199523876027 9.07949516619e-06 0.00017651477578 3.3886781873e-06 8.24076109304e-05 0.000330656801634 1.32497160042e-05 -6.51756615214e-05 -2.45388339483e-05 7.66155113244e-06 3.40490166022e-05 -2.63236412797e-05 -4.42862079798e-06 6.79329415303e-05
820.0 0.000114491445967 0.00241941424808 3.01218814285e-06 2.07438366515e-06 0.00400352703262 -0.000925971859211 -3.19874811917e-05 0.000188593909323 7.22495702973e-05 0.00163149534031 -5.24895263356e-06 0.00020470250537 4.4814434633e-06 7.53764487359e-05 0.00031721140746 -1.01038753088e-05 -2.36013230382e-05 2.64434833549e-06 -2.91541050749e-05 2.06668180211e-05 -1.99552631798e-05 2.49187284112e-05 6.67715112333e-05
840.0 9.67193371937e-05 0.00217316683085 2.89687232039e-06 1.72682914621e-06 0.00379843742222 -0.000786645560123 -2.78218321067e-05 0.000159526299896 6.58554294076e-05 0.00140338378081 2.27186350182e-05 0.00022144622005 1.1895638394e-06 6.08916716703e-05 0.000303781575709 -1.04399614323e-06 -5.42879464881e-05 1.99774758299e-06 -9.4166656788e-05 5.87424432666e-05 -4.30180789651e-05 -5.37685763975e-05 -1.63951108819e-05
860.0 7.94651657623e-05 0.0019809755064 2.09229121842e-06 -1.7280603408e-06 0.00357035265744 -0.00071668807057 -2.1190984779e-05 0.000132578219879 3.1099388504e-05 0.00119743145346 -2.57326049105e-06 0.000231202121194 2.80707432889e-06 4.31864696665e-05 0.000216907602051 -2.36362552364e-05 2.33245466112e-05 1.69158526205e-05 8.93956739052e-05 3.13634505725e-05 -4.23667387309e-06 1.02149497765e-05 -1.54669497138e-05
880.0 6.71629385192e-05 0.00174794189391 1.61958582937e-06 9.26703177602e-07 0.00344009807704 -0.000559144798515 -1.71345828163e-05 0.000102898598311 3.50857048154e-05 0.000931584574312 1.71229375737e-05 0.000259005012794 -1.50563149839e-06 2.20433211742e-05 0.000205281397591 1.11733826634e-05 -2.79865039741e-05 9.50768605887e-07 -8.90222662775e-06 -1.75540163939e-05 3.61334589249e-05 -5.84576251004e-06 4.67272172872e-05
900.0 5.59427161374e-05 0.00161753896482 1.00854277826e-06 -5.60654196768e-07 0.00318384197932 -0.000507251230805 -1.28679349641e-05 8.32816299968e-05 7.83829907264e-06 0.000858723013846 9.41862638982e-06 0.000261518481178 -1.23970900461e-06 2.14622825633e-05 0.000182040542654 -1.86063295603e-05 5.31431198962e-05 1.19995981256e-05 3.27571405116e-05 1.31701839275e-05 -1.50755960025e-05 8.75549486286e-06 1.1464953757e-05
920.0 4.71979670189e-05 0.00139781971176 1.01761074197e-06 4.47762828359e-06 0.00305760319641 -0.000438488280127 -1.09874100624e-05 8.00217228583e-05 1.0658878034e-05 0.000617071551109 -7.9134095579e-06 0.0002489346743 3.84884842322e-06 1.12705156991e-05 0.000130986207654 -1.04844505105e-05 2.90917406679e-05 2.9002600725e-06 0.000110749719156 1.8709707174e-05 3.8820606908e-06 2.80823504704e-06 6.26983679173e-06
940.0 4.4900773549e-05 0.00127215482953 6.35737031208e-07 6.99672695016e-06 0.00290243521835 -0.000398650998766 -9.24730019199e-06 6.49065540794e-05 1.46391597378e-05 0.000542590013159 3.49689649414e-06 0.000206289242482 1.17627572586e-06 1.45627630908e-05 0.000165724994761 5.65814942225e-06 4.70205244092e-05 -6.13394203619e-06 6.58970431797e-06 1.35437891981e-05 -3.51647463814e-05 -1.2680801722e-05 2.03486517717e-05
960.0 3.83494015832e-05 0.00113141779077 7.76467005956e-07 6.58129845154e-06 0.00272350494118 -0.0003104387888 -8.79868036345e-06 5.38637302204e-05 1.97195786401e-05 0.00043497652338 1.45644646836e-06 0.000220317905745 1.40764029929e-06 1.19384670507e-06 0.000137569642485 1.24516310021e-05 2.50011564796e-05 -4.18993989581e-06 1.79514064796e-05 -2.50946818103e-05 -1.02117809635e-05 -1.85737953652e-06 1.96043726765e-05
980.0 3.07846404139e-05 0.00103323581629 4.2290301352e-07 4.36293444964e-06 0.00262573163227 -0.000297346433109 -6.40000795644e-06 4.7058472435e-05 2.23364011348e-07 0.000325058836254 2.88359167713e-06 0.00020377421766 1.02794631608e-07 7.44299466465e-06 0.000146964858124 2.14477393335e-06 9.53110695301e-06 -1.9589916628e-06 -4.22052160914e-05 1.47566517565e-05 -1.0076004262e-05 -8.12169558157e-06 1.5634930497e-05
1000.0 3.15655807867e-05 0.000909268072178 9.66014223963e-07 6.09968213589e-06 0.00250707519344 -0.000237749167132 -8.29382529323e-06 3.67158491959e-05 -1.22580690679e-06 0.000252231051177 -8.67085975796e-06 0.000184670367478 3.08997748121e-06 5.20193986562e-06 0.000134453037451 6.35901903652e-06 7.0957473241e-06 -1.56737584923e-05 -7.50417312459e-05 3.93788591206e-06 -2.74666609928e-06 6.06888527149e-06 5.75314920112e-05
1020.0 2.56817115823e-05 0.000858348185473 3.78071712918e-07 3.60165997429e-06 0.00237198203721 -0.000238503688422 -5.18329157218e-06 3.18274012428e-05 1.23464010381e-06 0.000239425594368 5.69183069568e-06 0.000235790312863 -1.28159785306e-06 -4.36481126869e-06 0.000105656846686 6.15032551817e-06 -8.17729526031e-06 -7.61509707538e-06 1.20125757318e-05 -1.53180925903e-05 3.53168925611e-05 9.70303030794e-06 -7.91600437038e-06
1040.0 2.09922390218e-05 0.000774541836807 4.69525833246e-07 5.25603977786e-06 0.00224111367299 -0.000181183939979 -4.35648956498e-06 3.42717361735e-05 1.3733429258e-05 0.000160122874548 2.68417689738e-06 0.000184322022927 1.17957844408e-06 7.43185616248e-07 0.000102928370557 1.10374814753e-05 -2.54006079553e-06 -8.36665535017e-06 -1.01544559114e-05 -5.89557181809e-06 -1.03892483323e-05 -4.54151418181e-06 3.42570543035e-05
1125.0 9.83129263834e-05 0.00402634422459 1.4907353827e-06 1.55260237995e-05 0.0137604822885 -0.000896540029401 -1.86803790188e-05 0.000170272083127 6.4700378451e-06 0.000132655226037 2.5541768312e-05 0.000989640446685 5.85712695906e-07 9.12377803552e-06 0.000579281377282 4.28311078578e-05 -8.27398295117e-05 -4.21410301065e-05 -0.000169309405663 -5.09340805842e-07 -7.60381155356e-06 -1.01785735478e-05 0.000213231762019
1300.0 4.73023831306e-05 0.0025453900995 2.14515920991e-07 1.79056882364e-05 0.0120933947922 -0.000540309914061 -6.14328237699e-06 9.04905067999e-05 1.15236298759e-05 -0.000966710130686 -2.42022759658e-06 0.000786290650846 7.03865862992e-06 -1.35402843583e-05 0.000321201014669 -5.8070333669e-06 0.000146868095927 6.99640271958e-06 0.000166614342711 2.35966099187e-06 -3.17112045082e-05 -2.86578604042e-05 5.7604185553e-05
0.062556007954 0.346176699693 0.00963816682898 0.00981036066234 0.351718922059 -0.269316435945 -0.0443284440798 0.0966646118111 0.0806547701958 0.46829979951 -0.0354567015012 -0.164279066183 0.0183855014734 0.0806291793881 0.0883523765709 -0.000109986519959 0.00067655053249 0.0004858507915 0.000697375024497 -0.00102347473696 0.00207061223415 0.000435740242476 0.00326283371025 