132.175
114.167
143.870
111.526
114.605
130.116
131.559
109.581
149.323
131.429
116.353
142.933
158.800
106.028
140.544
117.036
111.222
133.485
108.371
148.996
118.297
116.333
105.476
157.948
146.131
106.541
107.112
152.756
133.704
110.521
133.172
110.232
131.312
135.398
135.921
147.823
107.771
146.349
109.303
146.519
139.207
145.055
114.030
147.380
159.846
130.465
119.701
119.431
131.633
119.017
117.591
144.068
113.978
117.482
114.955
149.169
107.281
108.052
144.604
119.174
116.664
116.502
107.186
108.958
147.517
158.476
117.649
139.369
107.168
109.140
106.146
113.968
116.164
111.971
111.374
141.939
118.666
116.486
132.918
111.987
110.017
146.159
108.489
144.200
118.167
150.035
117.999
107.125
115.368
112.446
106.870
152.753
130.906
110.633
144.313
114.858
115.277
140.406
131.337
118.361
115.951
108.361
150.502
131.232
153.964
106.264
134.980
113.924
141.155
114.539
109.509
153.262
119.109
131.717
139.077
132.155
119.158
119.338
138.871
106.741
142.883
118.643
111.388
111.744
149.121
109.373
154.017
137.109
106.856
119.665
109.205
143.912
145.018
141.862
114.767
106.207
153.495
112.685
115.652
139.802
114.410
147.645
157.522
107.618
113.216
110.607
