3.22859320009e-09 -2.52708286055e-09 2.28363654052e-10 6.80870059219e-10 1.14891206748e-09 -2.4026435077e-09 -1.87410321669e-09 4.24728489695e-10 -7.13715934632e-10 -2.38715398413e-09 -2.63701347683e-09 -6.44144908383e-09 2.64116124234e-10 9.99719366431e-10 1.19526802268e-09 7.63504175648e-09 2.78697577887e-09 7.46703172269e-11 -4.55399756419e-09 -1.24572691182e-08 4.16996964073e-09 2.07100679643e-09 5.93443591759e-09
-2.52708286055e-09 9.20533086504e-08 -1.57577630773e-10 -4.54030893558e-09 -1.5964324973e-08 -6.99787966143e-08 1.41592372333e-09 2.02056365483e-08 1.26702660719e-08 9.30857260993e-08 5.74659218809e-09 -3.49884884921e-08 -2.35232809297e-10 1.04685506196e-08 8.51302211154e-09 -1.71795320352e-08 2.43635329013e-08 1.39045426385e-08 3.4517512316e-08 2.97807323104e-08 -3.16234101725e-08 -1.15324405462e-08 -1.66009332141e-08
2.28363654052e-10 -1.57577630774e-10 1.11288002328e-10 -4.28767177969e-11 1.54329581605e-10 2.01691906452e-11 -4.01397103641e-10 2.12632523619e-10 2.63320456925e-10 4.80133362631e-11 -4.63997809754e-10 -3.87990018518e-10 1.44290655749e-10 1.79222209795e-10 1.68219605306e-10 4.90820388536e-10 -3.60659919103e-10 1.40270145007e-10 -5.9616329534e-10 -4.5714249641e-10 1.07621007694e-10 1.18272205519e-10 3.13123211971e-10
6.80870059219e-10 -4.54030893558e-09 -4.28767177969e-11 3.66055335385e-09 1.80397416876e-09 1.9434928419e-09 -1.54446021032e-10 -1.04306719247e-11 1.76358893964e-09 -1.10673930564e-09 -6.27968512314e-09 -7.1046649523e-10 1.26874569518e-09 1.51842087787e-10 3.94635689342e-09 8.11529480166e-09 -4.14227969509e-09 -1.04030380604e-08 -1.46489941064e-08 -3.45787721934e-09 2.24175246447e-09 3.55482510302e-09 4.84998440227e-09
1.14891206748e-09 -1.5964324973e-08 1.54329581605e-10 1.80397416876e-09 8.32831645379e-08 1.9313243927e-08 -1.05079793433e-09 -3.41886526188e-09 9.06099674619e-09 4.48999662887e-08 -5.44200452084e-09 8.38091067937e-09 1.10097528867e-09 3.51905156285e-09 1.9238488327e-08 1.27608685488e-08 -3.18178406177e-08 -1.20439964854e-08 -5.43917977414e-08 -5.8620520982e-09 -1.00689248642e-09 3.30096354595e-09 -2.04846252143e-08
-2.4026435077e-09 -6.99787966143e-08 2.01691906452e-11 1.9434928419e-09 1.9313243927e-08 1.24183604818e-07 8.04192925104e-10 -3.03434074146e-08 -1.06251302935e-08 -6.53215006754e-08 -2.70438848185e-09 8.2610843541e-08 5.47788484741e-10 -2.08923682224e-08 -1.28701996776e-08 -8.51357977558e-09 -7.42990169975e-08 -1.51267799958e-08 -4.64350176761e-08 3.45852323746e-09 1.69995322581e-08 1.32719405577e-08 -6.29395635553e-09
-1.87410321669e-09 1.41592372333e-09 -4.01397103641e-10 -1.54446021032e-10 -1.05079793433e-09 8.04192925104e-10 1.94060288923e-09 -6.55693973596e-10 -3.81399252049e-10 6.0545565457e-10 2.18119763786e-09 3.2201697283e-09 -4.76039422893e-10 -7.43707433117e-10 -9.93428180941e-10 -4.35575986413e-09 -4.15293504906e-10 -6.78843516574e-10 3.22080833781e-09 6.28545411045e-09 -1.83725032745e-09 -9.70424828745e-10 -2.8513720722e-09
4.24728489695e-10 2.02056365483e-08 2.12632523619e-10 -1.04306719246e-11 -3.41886526188e-09 -3.03434074146e-08 -6.55693973596e-10 1.3218950428e-08 7.94467976146e-09 1.76048907897e-08 -7.79565277661e-10 -3.14324375045e-08 1.03911536143e-09 9.90420538911e-09 6.70315802931e-09 1.93657659955e-09 1.01851603378e-08 1.27038118218e-09 1.08589666619e-08 3.89874931323e-09 -7.28328137327e-09 -5.19339963664e-09 1.83678121192e-09
-7.13715934632e-10 1.26702660719e-08 2.63320456925e-10 1.76358893964e-09 9.06099674619e-09 -1.06251302935e-08 -3.81399252049e-10 7.94467976146e-09 2.76988214168e-08 2.91223784244e-08 -6.43459362248e-09 -1.30744179178e-08 2.8778204622e-09 7.76690536591e-09 1.89224328263e-08 -5.7762947006e-09 -3.9939407248e-08 -5.95266385294e-09 -1.91335785228e-08 2.69087408111e-08 -2.73287776141e-09 -6.10602579931e-09 -9.58604938906e-09
-2.38715398413e-09 9.30857260993e-08 4.80133362631e-11 -1.10673930564e-09 4.48999662887e-08 -6.53215006754e-08 6.0545565457e-10 1.76048907897e-08 2.91223784244e-08 1.89022631632e-07 -3.18545228126e-09 -2.06126813396e-08 1.81152532358e-09 1.28430331203e-08 3.1547787491e-08 -1.68674655666e-08 1.94606336932e-08 5.27399962176e-09 -1.07549689251e-08 3.81912624729e-08 -4.24314095106e-08 -9.27718645777e-09 -4.02107277078e-08
-2.63701347683e-09 5.74659218809e-09 -4.63997809754e-10 -6.27968512314e-09 -5.44200452084e-09 -2.70438848185e-09 2.18119763786e-09 -7.7956527766e-10 -6.43459362248e-09 -3.18545228126e-09 3.41426847633e-08 1.31708132351e-08 -6.58165608786e-09 -4.98876726589e-09 -3.49203620187e-09 -1.63799621668e-08 3.47189568119e-08 2.11601521601e-08 3.22089792066e-08 -9.53492084337e-09 -3.25554889768e-09 -1.84134440006e-08 -1.22906171025e-08
-6.44144908383e-09 -3.49884884921e-08 -3.87990018518e-10 -7.1046649523e-10 8.38091067937e-09 8.2610843541e-08 3.2201697283e-09 -3.14324375045e-08 -1.30744179178e-08 -2.06126813396e-08 1.31708132351e-08 2.15517157515e-07 -4.30252809039e-09 -5.33466894149e-08 -2.04759715891e-08 -2.80223896865e-08 -3.62636213054e-08 -2.57564819399e-09 -5.34190296638e-08 1.24700656078e-08 1.13099340966e-08 1.04586015693e-08 -5.21223347433e-08
2.64116124234e-10 -2.35232809297e-10 1.44290655749e-10 1.26874569518e-09 1.10097528867e-09 5.47788484741e-10 -4.76039422893e-10 1.03911536143e-09 2.8778204622e-09 1.81152532358e-09 -6.58165608786e-09 -4.30252809039e-09 1.83650366708e-09 1.87988448955e-09 1.25494265597e-09 -1.8595275468e-10 -7.02317791596e-09 -3.98576309403e-09 -2.5757432646e-09 7.27619635581e-09 -1.80297787956e-09 1.04261925458e-09 -1.0016812925e-09
9.99719366431e-10 1.04685506196e-08 1.79222209795e-10 1.51842087787e-10 3.51905156285e-09 -2.08923682224e-08 -7.43707433117e-10 9.90420538911e-09 7.76690536591e-09 1.28430331203e-08 -4.98876726589e-09 -5.33466894149e-08 1.87988448955e-09 1.73313689624e-08 9.98843401927e-09 2.35184890209e-09 1.23815523425e-09 1.04603917357e-09 1.01174602749e-08 6.44980708868e-09 -6.22790349562e-09 -3.78594084208e-09 5.43814228956e-09
1.19526802268e-09 8.51302211154e-09 1.68219605306e-10 3.94635689342e-09 1.9238488327e-08 -1.28701996776e-08 -9.93428180941e-10 6.70315802931e-09 1.89224328263e-08 3.1547787491e-08 -3.49203620187e-09 -2.04759715891e-08 1.25494265597e-09 9.98843401927e-09 3.69693812854e-08 1.19062574747e-08 -2.04792338455e-08 -1.09408228531e-08 -6.23340531658e-08 4.12515270012e-10 -2.85563318404e-09 -2.10251947704e-09 8.5219381337e-09
7.63504175648e-09 -1.71795320352e-08 4.90820388536e-10 8.11529480166e-09 1.27608685488e-08 -8.51357977557e-09 -4.35575986413e-09 1.93657659955e-09 -5.7762947006e-09 -1.68674655666e-08 -1.63799621668e-08 -2.80223896865e-08 -1.8595275468e-10 2.35184890209e-09 1.19062574747e-08 7.95025308479e-08 -4.03573248177e-09 -2.33191989001e-08 -6.63209866956e-08 -8.90481633385e-08 3.11373007036e-08 1.96895634431e-08 4.48963780826e-08
2.78697577887e-09 2.43635329013e-08 -3.60659919103e-10 -4.14227969509e-09 -3.18178406177e-08 -7.42990169975e-08 -4.15293504907e-10 1.01851603378e-08 -3.9939407248e-08 1.94606336932e-08 3.47189568119e-08 -3.62636213054e-08 -7.02317791596e-09 1.23815523425e-09 -2.04792338455e-08 -4.03573248177e-09 3.30250559471e-07 5.96998204959e-08 1.54031916262e-07 -9.58792992104e-08 -5.90635079392e-08 -2.31778011847e-08 2.5222684729e-08
7.46703172269e-11 1.39045426385e-08 1.40270145007e-10 -1.04030380604e-08 -1.20439964854e-08 -1.51267799958e-08 -6.78843516574e-10 1.27038118218e-09 -5.95266385294e-09 5.27399962176e-09 2.11601521601e-08 -2.57564819399e-09 -3.98576309403e-09 1.04603917357e-09 -1.09408228531e-08 -2.33191989001e-08 5.96998204959e-08 4.76430863941e-08 7.37366001688e-08 -1.31959105739e-08 -7.83857714783e-09 -1.68122205845e-08 -1.23217313362e-08
-4.55399756419e-09 3.4517512316e-08 -5.9616329534e-10 -1.46489941064e-08 -5.43917977414e-08 -4.64350176761e-08 3.22080833781e-09 1.08589666619e-08 -1.91335785228e-08 -1.07549689251e-08 3.22089792066e-08 -5.34190296638e-08 -2.5757432646e-09 1.01174602749e-08 -6.23340531658e-08 -6.63209866956e-08 1.54031916262e-07 7.37366001688e-08 3.12748758793e-07 1.495397643e-08 -2.1640733951e-08 -3.65958580412e-08 -5.13235380333e-08
-1.24572691182e-08 2.97807323104e-08 -4.5714249641e-10 -3.45787721933e-09 -5.8620520982e-09 3.45852323746e-09 6.28545411045e-09 3.89874931323e-09 2.69087408111e-08 3.81912624729e-08 -9.53492084337e-09 1.24700656078e-08 7.27619635581e-09 6.44980708868e-09 4.12515270012e-10 -8.90481633385e-08 -9.58792992104e-08 -1.31959105739e-08 1.495397643e-08 1.81551689511e-07 -5.53339529852e-08 -2.42590068039e-08 -7.87720025717e-08
4.16996964073e-09 -3.16234101725e-08 1.07621007694e-10 2.24175246447e-09 -1.00689248642e-09 1.69995322581e-08 -1.83725032745e-09 -7.28328137327e-09 -2.73287776141e-09 -4.24314095107e-08 -3.25554889768e-09 1.13099340966e-08 -1.80297787956e-09 -6.22790349562e-09 -2.85563318404e-09 3.11373007036e-08 -5.90635079392e-08 -7.83857714783e-09 -2.1640733951e-08 -5.53339529852e-08 8.36705027708e-08 2.4557240527e-08 4.82401225407e-08
2.07100679643e-09 -1.15324405462e-08 1.18272205519e-10 3.55482510302e-09 3.30096354595e-09 1.32719405577e-08 -9.70424828745e-10 -5.19339963664e-09 -6.10602579931e-09 -9.27718645777e-09 -1.84134440006e-08 1.04586015693e-08 1.04261925458e-09 -3.78594084208e-09 -2.10251947704e-09 1.96895634431e-08 -2.31778011847e-08 -1.68122205845e-08 -3.65958580412e-08 -2.42590068039e-08 2.4557240527e-08 3.56082175277e-08 4.22627486501e-08
5.93443591759e-09 -1.66009332141e-08 3.13123211971e-10 4.84998440227e-09 -2.04846252143e-08 -6.29395635553e-09 -2.8513720722e-09 1.83678121192e-09 -9.58604938906e-09 -4.02107277078e-08 -1.22906171025e-08 -5.21223347433e-08 -1.0016812925e-09 5.43814228956e-09 8.5219381337e-09 4.48963780826e-08 2.5222684729e-08 -1.23217313362e-08 -5.13235380333e-08 -7.87720025717e-08 4.82401225407e-08 4.22627486501e-08 1.4363726265e-07
