260.0 0.00145048129093 0.0050049961112 0.000960943520006 0.00142432637096 0.00736097267229 -0.00536191893768 -0.00235662526081 0.00440294632276 0.00531117218932 0.0121051766448 -0.00282832606555 -0.00644821293281 0.0023342894845 0.00532394784913 0.00646908977321 -6.58857450851e-06 3.3491035496e-05 4.0603241251e-05 3.0603778387e-05 -2.96188212035e-05 4.79060275965e-05 2.15912385145e-05 5.18738287696e-05
280.0 0.00230836043017 0.00824667775584 0.00114561892389 0.0016212518045 0.0115552183335 -0.00870121923622 -0.00323283289683 0.00614045216768 0.00725477816426 0.0194828299486 -0.0038549724226 -0.0102639665004 0.00272188848658 0.00726827159557 0.0086192349548 1.02899265657e-05 -3.18628790881e-05 1.80025159059e-05 -1.07798034441e-05 -4.92258248e-05 0.000115492529803 0.00011937955496 0.000182463252806
300.0 0.00275300190059 0.00995507958085 0.000997361974153 0.00129868072472 0.0129055801893 -0.0104134784767 -0.0032957023878 0.0063007728295 0.00716130843503 0.0225885057802 -0.00368796003099 -0.0117298338255 0.00226096570111 0.00712866782294 0.00815857330445 -6.76935172335e-06 -2.10363794098e-05 1.22289287804e-05 -1.06995466706e-06 -5.1779148934e-05 0.000135276043192 1.577192816e-05 0.000105430612709
320.0 0.00317742510501 0.011509339914 0.000841847374126 0.000981604285862 0.0133386032166 -0.0119970968136 -0.00325224947403 0.00621015236113 0.00667523406397 0.0246770217003 -0.00348877728384 -0.0127062997424 0.00181090032002 0.00663491349662 0.0071873006477 3.19883921392e-05 -5.64725520447e-05 -1.88781050107e-05 -8.80710880068e-05 -5.23532927855e-05 7.17618278988e-05 2.41382057761e-05 3.60412436148e-05
340.0 0.00388846566552 0.0135132245141 0.000739156319144 0.000729776768655 0.0131354800885 -0.0144362112421 -0.00337079200382 0.00631393133182 0.00621944266831 0.0265335712649 -0.00325401251423 -0.0140330908322 0.00145119514187 0.00620102840101 0.00619875238094 -1.16614660945e-05 3.88470418393e-05 1.75729885513e-06 4.27913169669e-05 -7.78170450871e-05 0.000122347627865 2.61771113378e-05 8.68652904665e-05
360.0 0.00521456772313 0.0169050166873 0.000721003682778 0.000541946570114 0.012852237852 -0.0186483711997 -0.00384461180048 0.00699464955487 0.00602316273042 0.0293260979509 -0.00326157031423 -0.0160827577157 0.00124810250282 0.00610413874638 0.00528357685765 -5.0373295968e-05 0.000181640453972 7.97760435258e-05 0.000146486039114 -7.29938163198e-05 9.72373649415e-05 -1.91515531351e-05 0.00013812445973
380.0 0.00544569225192 0.0188946642175 0.00063010518564 0.000398710093044 0.0123219117861 -0.0199812062668 -0.00364141925361 0.00689999770578 0.00544984763352 0.0300759913797 -0.00276462399523 -0.0153833025667 0.000999486290594 0.0055186792847 0.00447151568396 -3.84726393074e-05 0.000222470639834 9.47768909704e-05 0.000263663382655 -9.5965511902e-05 4.83859255254e-05 -1.11250018389e-05 2.56599601314e-05
400.0 0.00500286696129 0.0191487430138 0.000504200954579 0.000328907286853 0.0117309274853 -0.0190357782205 -0.00309059543038 0.00623365225265 0.00468343433794 0.0288565936339 -0.00221413254868 -0.013395730301 0.000768755750801 0.00473019234094 0.0038378152246 6.97802569809e-05 5.22543848939e-05 2.00166771791e-05 -9.93784841343e-06 -0.000198506694966 0.000215275962375 6.51717169756e-05 0.000224817183493
420.0 0.0043190400862 0.0186518520437 0.000393228860862 0.000235737291824 0.0111423120182 -0.0173611047767 -0.00251173385432 0.00542563063219 0.00390695749358 0.0269303375849 -0.00163358179987 -0.0110826406758 0.000571512107622 0.00391085945624 0.00323624229446 -4.83133714614e-05 -2.94031851059e-05 2.01567265938e-05 6.15262557343e-05 1.60227476631e-05 0.000149170378475 6.26094281648e-05 0.000102940539773
440.0 0.00363269653066 0.0173715951445 0.000299175069889 0.000195795253994 0.0105412295414 -0.0151750340699 -0.00199182421371 0.00458603150156 0.00324752257702 0.0242540483228 -0.00115240538783 -0.00900867807819 0.000418556242556 0.0032169318561 0.00282940497895 4.67051507624e-05 -7.10603672147e-05 -2.58771521589e-05 -7.52078325641e-05 -4.19756385471e-05 6.54974552278e-05 -3.6271355702e-05 7.43918278744e-05
460.0 0.00301502782648 0.0159741154026 0.00022777867635 0.000138724765062 0.0100394795124 -0.0130972199669 -0.00157119288019 0.00380184523641 0.00261927113777 0.0217293495244 -0.000849029044373 -0.0070031010404 0.000310680961129 0.00257937522769 0.00242046124515 -2.77654763635e-05 -0.000119395796783 1.58281068671e-05 -0.000120857357416 -3.28025639187e-05 0.000153789941479 3.32888147157e-05 5.77158257003e-05
480.0 0.00247575243889 0.0145005292312 0.000173104447828 0.00011394540519 0.00944991823546 -0.0112394260382 -0.00123078448769 0.00316921631629 0.00211985552119 0.019128986821 -0.000622466460666 -0.00558600624601 0.000233264287355 0.00208937445024 0.00209861421661 2.30136152569e-05 -0.000102056837499 -3.43889355315e-05 -0.000140102908527 1.73678550218e-05 7.12917856644e-05 -4.48356158637e-07 0.000100256043465
500.0 0.00202234243233 0.0129935126773 0.000130395433288 9.49702123686e-05 0.00881109922613 -0.00956960565118 -0.000957405521844 0.00262620316817 0.00166827577788 0.016537730804 -0.000436114302216 -0.00442247174325 0.000170561503221 0.0016959841787 0.00173363081584 6.36038206782e-05 -3.92767929327e-05 -5.40851271725e-05 0.000102371536094 -2.24881625015e-05 7.14533985082e-05 4.68986091148e-06 0.000128139959891
520.0 0.001641884345 0.0116962384522 9.83545822995e-05 7.02828620379e-05 0.00830655158844 -0.00810172015193 -0.000745943242212 0.00213818460815 0.00128875797118 0.0144906180388 -0.000311317884592 -0.00322276704812 0.000125391522129 0.00132226236998 0.00149464945287 -1.69230017327e-06 7.76191164766e-05 1.69526126545e-05 0.000110877546081 -3.49465207099e-05 9.74651541759e-05 2.00593833115e-05 0.000134906710852
540.0 0.00132212820524 0.0104683709897 7.44067266828e-05 4.7132331368e-05 0.00782454884183 -0.00681199664638 -0.000577446091122 0.00173871234684 0.00111631549448 0.012665300028 -0.000209690697888 -0.00234866853065 9.48703244973e-05 0.00104639810051 0.00129119248553 -5.04711630772e-05 -0.000153509083257 2.30900866339e-05 0.000130570056159 0.000109270819088 2.60194224108e-05 -4.67036384245e-05 -0.000151618485326
560.0 0.0010937952932 0.00930997326965 5.70913190012e-05 3.66920490516e-05 0.0073587680086 -0.00581706295793 -0.000457298523263 0.00145998792778 0.000882272100659 0.0109345103922 -0.00014756278391 -0.00174464807898 7.15125414613e-05 0.000856788346369 0.00113450532273 -8.19903658703e-05 6.28269762485e-05 5.74159331231e-05 0.000199026299346 4.63983055242e-05 -8.89864562757e-06 4.83086704309e-06 -3.09818172161e-05
580.0 0.000888416045053 0.00831162952752 4.36845032575e-05 2.43512911783e-05 0.00693737942452 -0.00497801721012 -0.000359113776186 0.00122211541352 0.000678829629417 0.00941126530174 -5.05673521645e-05 -0.0013321047056 3.94136714552e-05 0.000703128140191 0.00101770216389 -3.01095038285e-05 8.0318205623e-05 5.09361558504e-05 0.000112228336397 -4.10849650913e-05 4.080669434e-05 1.85730207418e-05 0.000130027451176
600.0 0.000728497804072 0.00739001211005 3.38512682244e-05 4.25202822071e-05 0.00649497467481 -0.00417944213448 -0.000285420679379 0.000993786889703 0.000536708733522 0.00817828678729 -5.75486348577e-05 -0.000868530978247 3.99762295128e-05 0.000531316801004 0.00089927607356 1.97550234421e-06 0.000159737282599 -5.77447485227e-06 -4.7380690703e-05 1.14848012757e-06 -7.62387980283e-05 -4.52447044847e-05 1.82907757358e-05
620.0 0.000607020457357 0.00648823152074 2.57104230477e-05 2.11738072609e-05 0.006170218281 -0.00357635595892 -0.000227057000233 0.000831346643049 0.000424371008121 0.00691066221628 -2.81996958094e-05 -0.000753227726402 2.48870553463e-05 0.0004714179469 0.000787847950587 3.80636595082e-05 4.88981506528e-05 4.19797957071e-05 1.65573643596e-05 -9.76801526725e-05 7.78179147393e-05 -2.73257174898e-05 9.00659322228e-05
640.0 0.000498360180553 0.0057902754759 2.05861548627e-05 9.72014705882e-06 0.0057820208526 -0.00302717390742 -0.000180789209032 0.00069106197389 0.000354009558978 0.00594598555568 1.79754424522e-05 -0.000352589514118 1.18383486931e-05 0.000343411064038 0.000700932402742 3.24084435113e-06 6.18234383175e-05 4.41600279753e-05 2.29733252255e-06 -8.98014836106e-05 7.53461088894e-05 5.83570178188e-06 9.60871187797e-05
660.0 0.000403629389537 0.00518491022985 1.65497698896e-05 1.02094431069e-05 0.00554233363115 -0.00253009937062 -0.00014614170507 0.000559869838304 0.000277558656572 0.00521801960352 2.79263363683e-06 -9.91282393771e-05 1.30236677172e-05 0.000263327586439 0.000625273239942 -4.10027428667e-05 8.29946527166e-05 1.94206965334e-05 -6.93406810802e-05 -1.44660164454e-05 -5.30893668282e-05 3.21226553303e-05 3.36865176484e-05
680.0 0.000342360846609 0.00457933827366 1.22717338988e-05 1.29446956657e-05 0.00509771749912 -0.00225576525495 -0.000115845832736 0.000499361695922 0.00022521063946 0.00436062208167 -1.05432926551e-06 -0.000203748144441 1.56044536245e-05 0.000237131121334 0.000524393685629 -3.11619401982e-05 0.000151770651843 2.87047726845e-06 5.80046961912e-05 2.63550609303e-05 -5.99850700895e-05 -1.73885917808e-05 8.37408547127e-05
700.0 0.00029017067514 0.0040704646963 9.64649890255e-06 1.45560684037e-05 0.00488764461549 -0.00191164628417 -9.46787785357e-05 0.000406938011597 0.000168286103488 0.00371214125652 4.19526507278e-06 -2.62516668048e-05 5.58846200555e-06 0.000182302143255 0.000508384752724 3.35057861244e-05 -1.57469649137e-05 -1.58304165282e-05 -5.92409932677e-05 -4.4602670002e-05 4.15931938324e-05 2.18940418201e-05 0.000108270005966
720.0 0.000236508972655 0.00365493430381 7.7491009643e-06 7.71246931522e-06 0.00459365063478 -0.0016270726125 -7.56340515442e-05 0.000335724949774 0.000144485833337 0.00319972589155 2.15307927449e-05 3.44471598175e-05 3.82696949172e-06 0.000147226228577 0.000421724855793 -3.45298917242e-06 2.58271715294e-05 1.82347879021e-06 1.11478207351e-05 2.21451322641e-06 -1.61087966682e-05 -1.93459084997e-05 2.188808341e-05
740.0 0.000201505218482 0.00321128448661 6.69628385279e-06 1.14109741886e-06 0.0043679085212 -0.0014142356452 -6.47462813663e-05 0.000283997246923 0.000133769969097 0.00272221055142 5.97499709774e-06 7.90688998818e-05 3.36886871759e-06 0.000127944644077 0.000380945201489 1.33763018414e-06 -6.13103149707e-05 1.8377943407e-05 5.4813800459e-05 2.6741161168e-06 5.55204750066e-05 8.48414929779e-06 1.87432155154e-05
760.0 0.000162129204197 0.00286879776347 5.12337918885e-06 6.23461349055e-06 0.00410164610561 -0.00120184293822 -5.01862759125e-05 0.000236801820036 9.19525674458e-05 0.0023663575279 1.06408469691e-05 0.000192023365448 5.39092996448e-07 8.76605656117e-05 0.000360707833275 9.81291530367e-06 -5.06052487582e-05 -8.21355761148e-06 -5.41321945621e-05 2.54134555579e-06 2.92411305408e-05 1.17724385154e-05 -6.41519812567e-06
780.0 0.000138728986675 0.00256689104056 4.6075276343e-06 6.09702371499e-06 0.00388292358904 -0.00106131917651 -4.33386806955e-05 0.000205415949787 9.06510360289e-05 0.00209180240078 1.93298411331e-06 0.000166201443609 6.68486359246e-06 8.3236094087e-05 0.000292639634746 -1.86106239883e-05 5.2906020156e-05 -2.06669181028e-06 5.05695625052e-05 2.22913835181e-05 -2.39014193069e-05 -3.20135771551e-06 -3.10571333538e-05
800.0 0.000117617671248 0.00230866335339 2.8036277186e-06 7.17094139674e-06 0.0035960776431 -0.000885121933224 -3.07193388393e-05 0.00018577985358 8.22694379183e-05 0.00171297415401 3.45868229096e-06 0.00013504668533 5.14139757498e-06 7.17676431318e-05 0.00027990190509 6.79935647566e-06 -5.77783830781e-05 -2.78330176369e-05 6.187131761e-06 4.19873390613e-05 -2.64826637814e-05 -8.30996488004e-06 4.85859968957e-05
820.0 0.000100951823525 0.00203926821018 2.18043496044e-06 4.54520398606e-06 0.00347009287958 -0.000801225050428 -2.66374929755e-05 0.000160883135841 6.98246866059e-05 0.00141590300488 -1.70409458801e-05 0.000164048538933 9.19638818373e-06 6.66163284318e-05 0.000261119440906 -9.60842850585e-06 -6.42021157197e-05 -1.54240501732e-05 3.85172055008e-06 5.03545157539e-05 -1.65823387076e-05 1.35051380859e-05 1.39399490795e-05
840.0 8.43082399596e-05 0.00182432587116 2.17105279822e-06 1.40289620081e-06 0.00327114496783 -0.000676501122041 -2.26615689318e-05 0.000137561743893 6.10238731954e-05 0.00119744375427 1.76057807103e-05 0.000181181371888 2.9414740908e-06 5.64907633894e-05 0.000258019635626 -6.40482246736e-06 -6.87597851691e-05 -6.47205736172e-07 -5.8563417144e-05 6.52825308009e-05 -3.39843645334e-05 -5.00338680964e-05 -3.50988309187e-05
860.0 6.98820196547e-05 0.0016584240023 1.87403440642e-06 -2.77783102164e-06 0.00307161539952 -0.000622228798608 -1.83419112465e-05 0.000109586354771 2.32790256886e-05 0.00103455147157 3.09582111319e-06 0.000201367003209 6.10128032693e-07 3.33086796777e-05 0.000187079961641 -1.71711455314e-05 2.85449169818e-05 1.75353320824e-05 6.05796285472e-05 1.66294653917e-05 5.75615488523e-06 9.72196598756e-06 -7.6717366245e-06
880.0 5.93360280223e-05 0.0014672891663 1.12400871638e-06 1.37420014261e-06 0.00295958801397 -0.000472950051556 -1.42446335448e-05 8.64457853697e-05 3.04377256433e-05 0.000792748748612 1.51060382795e-05 0.000229955398383 -4.16986566641e-07 1.84929568071e-05 0.000174724918459 1.24348244005e-05 -5.47529035518e-05 -5.71183134462e-06 -1.74673946765e-05 -1.31082801845e-05 3.78822336806e-05 -5.67175907154e-06 3.23400778332e-05
900.0 4.90164366569e-05 0.00134967059664 8.02839661735e-07 -9.43118374659e-07 0.00273181819785 -0.00043945840403 -1.09441101762e-05 7.01134764403e-05 7.84925047312e-06 0.000733579230011 9.00559856723e-06 0.000219956781687 -1.37790098764e-06 1.9108072247e-05 0.000154505531182 -1.46350892801e-05 4.40077889206e-05 1.18526598145e-05 2.86015351542e-05 9.47891578271e-06 -7.35999064616e-06 6.49668814397e-06 4.9515025717e-06
920.0 4.16770235642e-05 0.00117575006663 8.51190904078e-07 1.95655386437e-06 0.00262748996267 -0.000380426586427 -9.35266235173e-06 6.70090082945e-05 9.9753776487e-06 0.000542720080531 7.22393398503e-07 0.000217387346394 1.88414588116e-06 8.61887309953e-06 0.000115642966269 -1.21974679944e-05 2.3205203038e-05 9.46801872406e-06 9.83591449007e-05 1.29847686697e-05 6.14331322879e-06 -1.53925624539e-06 -4.20009560526e-06
940.0 3.95225426034e-05 0.00107125856783 4.01759978975e-07 5.08709394904e-06 0.00248964768966 -0.000348458179616 -7.67364236331e-06 5.39453731168e-05 1.25107709934e-05 0.000476476201977 8.0894243607e-06 0.000182039563494 -9.74511947194e-07 1.09144644751e-05 0.000148635940348 3.56053465461e-06 4.72313144404e-05 1.48188786368e-06 7.02674445746e-06 6.52514179876e-06 -3.14850705796e-05 -1.08789223655e-05 1.1201798902e-05
960.0 3.42488878846e-05 0.000954367519602 7.38757774588e-07 4.15300682476e-06 0.00232861414755 -0.000271199656061 -7.96087449559e-06 4.30189265335e-05 1.1718389321e-05 0.000386984573503 6.36542558484e-06 0.000194668458762 -1.63731254385e-06 -2.71059645645e-06 0.000121410342623 1.24231717338e-05 4.60329183887e-05 5.53860189781e-06 8.73786055346e-06 -3.80822945184e-05 -1.06319826648e-05 4.10658383813e-06 2.32337123549e-05
980.0 2.74463362402e-05 0.000866103456244 2.56073154876e-07 4.60819656375e-06 0.00224667770792 -0.000255312004151 -5.27717184402e-06 3.90947598168e-05 -5.01028224877e-07 0.000286379058087 1.41129917263e-06 0.000168078916566 3.00694181237e-07 6.24340096592e-06 0.000124177403375 2.72880968874e-06 1.30978205562e-05 -3.17813153215e-06 -3.36713667073e-05 1.16842241218e-05 -9.16105364849e-06 -7.81961009063e-06 1.20197766932e-05
1000.0 2.74091681013e-05 0.000763571593016 7.00830022861e-07 3.5985902709e-06 0.00215557346675 -0.0002017059102 -6.66721132674e-06 2.86572278729e-05 -4.18375918807e-06 0.000232307298268 1.54533568626e-07 0.000154857532039 1.19329535722e-06 4.49810460076e-06 0.000118119867772 2.77863981685e-06 1.84508466117e-05 -8.29040076825e-06 -6.64554290659e-05 -2.64631053364e-06 -7.57540543288e-07 1.79482510646e-06 4.91363986819e-05
1020.0 2.2483903725e-05 0.000722440080747 3.01971473987e-07 3.39034279233e-06 0.00203136734689 -0.000206413937323 -4.35210520129e-06 2.63367862508e-05 9.97741875445e-07 0.000218772066842 2.10283509271e-06 0.000196576927273 -1.17016510294e-06 -3.85150196694e-06 9.02426229153e-05 6.37990316435e-06 -6.17445032246e-06 -6.8028974052e-06 9.79817954096e-06 -1.20571981074e-05 2.7247259407e-05 1.06916578821e-05 -6.35193836454e-06
1040.0 1.87925344891e-05 0.000652358137204 3.53061062072e-07 1.85689763749e-06 0.00191102212171 -0.000154671190709 -3.79200199814e-06 2.64192253799e-05 4.22700168854e-06 0.000141317986881 1.31024877688e-05 0.000167009619746 -2.87077049563e-06 -2.17451468454e-06 9.43669530547e-05 9.19644158563e-06 1.34051952068e-05 4.57726577638e-06 -2.64771230939e-05 -2.39882375501e-05 -8.68868836483e-06 1.77290019508e-07 4.22723654124e-05
1125.0 8.63787317479e-05 0.00335661068801 9.39678863304e-07 1.52032419105e-05 0.0117904899304 -0.000782228842053 -1.4937196154e-05 0.000144814500836 1.90396266569e-05 0.00017391859055 1.83162193735e-05 0.000832463862399 1.75040757482e-06 1.00798798686e-05 0.000496405231061 2.59780684483e-05 -7.14491011513e-05 -3.19878342516e-05 -9.53477439881e-05 1.68680556764e-05 -1.45244073589e-05 -1.94508488785e-05 0.000138521697075
1300.0 4.20667691774e-05 0.00211964953031 1.52850483302e-07 1.22114717618e-05 0.0103623079213 -0.000457271834551 -5.02948707511e-06 7.43423431071e-05 1.00229913069e-05 -0.000759710459695 6.82573501352e-06 0.000673157893212 5.65575072149e-06 -1.04881040478e-05 0.000274522574337 -1.11778281429e-05 0.000118892120188 7.79549918894e-06 0.000123786267772 3.70766774916e-06 -2.54730554166e-05 -3.1193874325e-05 2.86017133939e-05
0.0541060974914 0.29253901625 0.00820092959835 0.00848259580422 0.302594533486 -0.230775964843 -0.0379658006131 0.0820561404992 0.069142080304 0.400715300359 -0.0307905694861 -0.142828557397 0.0157909549039 0.0690834865442 0.0762106659719 -8.10824127423e-05 0.000347090482953 0.00025576230186 0.000396557450211 -0.000526626433117 0.00139747376314 0.000302791198607 0.00225557320643 